1
1
1
1
1
1
1
1
1
1
1
1
1
1
1
1
1
4
4
7
8
8
10
13
15
16
16
16
18
20
23
24
25
25
26
29
31
32
32
32
32
36
36
40
40
40
42
44
45
47
48
49
49
50
52
52
55
56
57
57
58
60
61
63
64
64
64
64
64
64
64
64
71
72
72
72
74
77
77
79
80
80
80
82
84
84
84
88
88
89
89
90
90
93
93
95
96
97
97
97
98
100
100
103
104
104
104
104
106
106
109
109
111
111
113
113
113
113
114
116
116
116
119
120
120
121
121
121
122
122
125
125
125
127
127
128
128
129
128
130
132
132
132
135
136
136
136
137
138
141
141
143
144
144
144
144
144
144
146
148
148
148
151
152
153
153
153
153
154
157
157
157
159
160
160
160
160
160
160
160
160
162
164
164
164
167
168
168
168
168
168
169
170
172
173
173
173
175
176
176
177
177
177
177
177
178
180
180
180
180
180
183
183
184
184
185
185
185
185
185
186
186
186
188
189
189
189
193
193
193
193
193
193
193
194
194
196
196
196
196
197
199
199
200
200
200
200
200
200
200
200
200
200
201
201
202
202
202
202
204
205
205
205
205
205
205
205
205
205
205
207
207
207
207
207
207
207
207
208
208
208
208
208
208
208
207
207
205
205
205
204
202
201
201
200
200
200
200
200
200
199
199
199
197
196
196
196
196
196
196
196
194
194
194
194
193
193
193
193
193
193
193
193
193
193
193
193
193
193
193
193
193
193
193
193
193
193
193
193
193
193
193
193
193
193
193
193
193
193
193
193
193
193
193
193
193
193
193
193
193
193
193
193
193
193
193
193
193
193
193
193
193
193
193
193
193
193
193
193
193
193
193
193
193
193
193
193
193
193
193
193
193

35.446797631997974
0.012890625