1
1
1
1
1
1
1
1
1
1
1
2
4
7
8
8
10
12
13
16
16
16
18
20
20
24
25
25
26
29
29
32
32
32
32
32
36
39
40
40
40
42
45
45
48
49
49
50
52
52
55
56
57
57
57
58
61
61
63
64
64
64
64
64
64
64
71
72
72
72
74
77
77
79
80
80
80
80
82
84
84
87
88
89
89
89
90
93
93
95
96
97
97
97
98
100
100
103
104
104
104
104
105
106
109
109
111
111
112
113
113
113
114
116
116
116
119
120
120
121
121
121
121
122
124
125
125
125
127
128
128
129
128
129
130
132
132
135
136
136
136
136
138
141
141
143
143
144
144
144
144
144
146
148
148
148
151
152
153
153
153
153
154
157
157
157
159
159
160
160
160
160
160
160
160
160
164
164
164
167
168
168
168
168
168
169
170
170
173
173
173
175
175
176
177
177
177
177
177
178
178
180
180
180
180
183
183
184
184
185
185
185
185
185
186
186
186
188
189
189
189
193
193
193
193
193
193
193
194
194
196
196
196
196
196
199
199
200
200
200
200
200
200
200
200
200
200
201
201
202
202
202
202
202
204
205
205
205
205
205
205
205
205
205
205
207
207
207
207
207
207
207
207
208
208
208
208
208
208
208
208
208
208
208
208
208
208
208
208
208
208
208
208
208
208
208
208
208
208
208
208
208
208
208
208
208
208
208
208
208
208
208

35.416187415748986
0.012890625